-13.31774791420906
E_H2O: -466.1219344619547
E_O: -427.6267373722137
E_H1: -12.58872471938786
E_H2: -12.58872445614408
